0
132
136
126
141
129
139
135
109
127
119
114
200
111
138
125
148
128
121
109
123
124
127
125
218
134
111
134
126
126
143
128
159
109
138
138
231
137
122
117
118
115
155
99
122
127
120
130
210
134
110
127
126
152
135
127
133
143
127
109
212
139
137
110
137
127
135
127
136
120
122
138
220
99
125
121
143
117
139
117
119
128
135
139
221
146
141
118
139
122
127
132
155
117
129
124
246
119
125
99
120
113
107
139
122
132
118
123
209
135
126
131
151
112
120
122
137
107
132
127
200
112
97
113
120
146
113
117
136
126
124
115
234
130
124
119
135
122
117
129
139
116
137
143
214
119
103
115
131
137
116
133
121
103
115
103
220
125
129
120
147
130
138
114
130
127
126
137
199
135
121
138
130
118
123
124
121
110
116
105
172
113
128
115
129
107
107
118
115
117
131
120
224
129
124
126
120
116
139
121
139
120
140
136
204
114
116
128
122
116
136
120
112
109
123
113
213
115
122
129
142
130
128
126
128
136
120
120
227
124
121
124
109
120
115
112
136
128
104
136
224
113
122
113
131
122
122
136
123
117
119
124
209
113
129
123
104
126
123
116
124
120
128
137
234
115
110
107
121
118
117
136
103
113
99
104
209
124
114
116
110
125
135
139
119
106
115
106
204
110
103
113
116
133
101
122
115
102
111
127
206
113
110
86
137
116
114
125
127
105
95
111
176
117
121
108
124
100
128
116
125
124
104
107
181
130
129
113
122
116
125
118
121
109
116
121
174
114
98
96
131
105
111
109
127
117
96
103
229
123
121
112
131
105
105
123
116
127
121
120
220
113
116
118
121
120
109
118
95
108
137
136
185
124
121
125
115
130
117
104
114
102
114
114
225
111
118
109
118
122
123
104
129
107
114
95
184
123
126
102
127
105
123
125
114
101
114
98
188
136
109
104
125
107
114
114
116
97
126
98
170
123
129
97
108
93
118
135
130
116
117
108
181
106
98
116
116
113
126
116
100
97
121
119
180
135
106
101
135
106
110
115
104
95
117
127
149
112
116
107
139
112
117
108
109
111
89
109
160
115
100
100
127
120
108
113
119
100
104
111
211
117
114
100
117
96
106
103
122
102
123
113
188
101
109
105
111
95
121
105
111
99
88
119
178
97
120
91
105
94
123
123
125
101
110
138
163
100
109
104
109
114
114
107
120
108
114
100
172
124
111
95
117
106
104
112
124
112
122
109
187
124
104
117
114
103
122
114
111
101
113
91
194
80
116
100
120
91
102
105
87
112
104
105
173
116
119
111
107
100
99
92
122
124
100
114
201
106
90
110
115
106
96
87
111
90
100
100
170
112
104
113
105
128
107
115
120
98
106
129
188
91
107
121
108
101
107
92
127
89
95
107
192
115
99
92
110
90
110
89
109
124
91
111
206
97
106
94
128
116
108
123
98
113
93
114
199
97
100
98
109
99
110
103
104
91
113
106
160
115
103
92
111
92
109
89
99
80
109
96
171
114
118
111
92
95
98
101
117
89
111
103
169
98
109
87
105
109
97
115
113
87
113
92
167
96
103
100
85
75
103
107
90
75
109
100
161
103
112
100
107
107
87
105
121
97
103
112
162
108
89
103
106
89
110
99
101
93
104
105
162
108
96
101
108
89
92
99
116
108
96
114
171
102
112
77
121
112
88
108
111
91
117
126
151
98
100
91
103
82
112
106
111
93
92
113
173
110
96
90
102
90
109
97
113
87
95
90
151
105
90
104
118
104
107
108
103
99
103
84
155
105
109
99
107
90
95
110
93
95
103
105
162
88
107
100
113
81
96
104
84
85
96
105
164
107
99
97
119
95
99
86
102
95
102
84
143
98
115
77
93
100
102
90
106
78
102
97
157
99
95
98
96
76
98
101
97
85
92
87
183
98
82
103
113
97
93
95
107
101
95
102
156
105
109
84
101
92
88
97
98
108
93
110
149
96
98
102
95
107
102
75
93
79
95
107
153
86
103
83
105
88
90
90
82
91
93
81
167
103
113
74
92
92
99
88
110
84
82
101
176
91
106
91
103
88
88
98
85
81
89
95
153
87
97
93
106
96
104
96
89
90
104
102
158
105
106
92
92
108
92
98
97
84
93
99
155
85
115
80
102
108
84
83
106
101
102
94
157
99
100
101
95
90
102
92
106
89
111
90
151
89
81
96
101
79
102
96
107
98
94
99
162
92
97
97
88
86
97
98
109
87
87
106
150
92
86
81
88
88
79
91
100
84
87
85
162
97
84
84
119
87
94
94
89
99
97
76
137
75
101
98
103
88
99
112
88
81
79
84
154
93
94
88
83
81
83
89
97
64
71
86
159
84
80
87
84
98
93
78
74
87
85
74
144
92
97
91
75
95
87
79
99
83
94
78
153
87
94
85
84
94
96
90
88
79
89
90
167
72
99
89
98
75
97
93
78
65
80
87
141
79
94
94
94
86
84
83
89
90
83
84
126
86
88
90
89
85
77
100
84
85
82
93
133
75
88
84
82
85
85
74
86
81
87
99
151
74
77
79
86
84
97
93
80
89
87
80
148
89
98
85
91
89
74
93
97
80
84
87
144
80
86
86
75
96
93
100
84
95
76
91
150
95
87
75
86
85
81
99
90
70
82
89
139
62
90
95
93
84
70
98
90
78
102
111
133
86
93
95
96
90
81
73
79
67
83
89
147
82
82
67
91
87
86
69
79
74
80
82
129
91
93
76
89
80
90
93
92
98
84
80
132
77
68
73
80
86
96
85
109
76
67
69
163
65
83
75
83
84
84
76
80
78
75
87
157
80
78
73
72
81
82
90
74
87
101
71
133
76
64
78
92
88
78
71
81
76
76
102
115
72
76
73
80
78
91
81
76
69
73
86
154
89
89
74
99
85
59
65
78
62
74
79
128
84
66
69
79
79
86
90
77
63
81
84
114
73
83
83
84
72
88
89
75
83
92
67
125
74
74
73
96
79
77
71
97
77
92
75
127
76
62
84
97
72
84
73
80
72
91
79
115
85
74
74
82
95
89
84
90
81
70
64
103
73
85
60
87
76
79
90
79
81
89
80
108
71
76
82
74
61
84
92
79
68
72
82
119
63
68
73
80
70
65
68
83
77
84
74
133
73
68
93
70
70
75
81
82
71
71
74
130
83
78
75
96
67
76
63
93
76
63
74
126
84
77
75
90
88
91
78
80
56
97
74
118
91
79
64
90
70
69
65
86
69
72
60
105
79
80
68
75
63
77
78
76
65
70
89
110
83
87
68
80
77
74
72
68
76
61
67
118
81
79
78
80
52
60
80
89
61
72
70
113
82
86
75
79
67
83
69
94
64
57
69
113
70
67
64
80
81
75
83
74
71
76
68
124
77
73
71
84
57
69
96
63
58
72
66
115
80
60
68
76
72
76
70
68
59
60
69
115
67
64
77
79
67
70
73
83
67
68
67
102
70
67
70
78
60
71
64
57
63
73
78
113
84
67
61
80
58
79
75
71
66
58
61
117
59
72
58
76
78
79
60
74
74
95
63
129
63
74
57
71
62
63
70
60
62
73
61
101
60
73
81
80
63
64
75
81
78
70
67
124
70
69
68
63
67
70
71
74
66
59
79
103
71
69
65
70
66
67
76
73
57
46
72
110
58
69
60
74
57
67
59
69
62
53
75
110
67
63
59
67
65
78
57
83
56
65
69
104
62
61
68
72
63
66
60
71
62
68
67
106
71
65
50
73
67
57
59
59
70
66
71
105
55
52
69
76
58
51
75
71
68
53
61
117
66
60
62
66
66
68
79
62
74
67
56
109
63
59
48
73
65
60
63
71
59
63
80
97
58
77
70
64
65
77
50
78
69
74
68
111
50
80
62
65
54
74
68
57
56
57
57
96
60
55
60
78
50
59
64
74
56
71
70
109
56
57
60
63
59
63
59
55
37
61
62
92
59
70
55
67
58
62
69
59
69
70
59
115
71
57
70
69
61
64
77
54
55
65
67
107
58
55
61
58
56
60
75
53
56
77
45
110
51
66
64
81
70
65
58
67
63
64
56
101
58
61
47
61
60
53
67
71
61
48
71
114
70
63
52
69
57
56
69
57
64
62
55
89
71
59
58
72
63
69
68
60
66
60
58
95
49
58
55
59
50
51
65
73
49
50
67
96
61
68
52
84
65
66
69
52
55
60
53
85
54
51
50
80
53
51
57
63
46
58
58
75
48
64
51
53
55
62
66
63
65
55
66
110
72
54
55
61
63
64
63
61
52
57
49
92
65
69
56
77
59
60
61
69
55
64
53
108
63
55
60
67
50
62
59
64
52
65
61
90
52
58
58
70
61
50
67
55
66
43
57
106
58
51
51
47
55
52
57
61
71
51
55
104
56
71
57
47
58
68
57
51
59
50
62
95
49
49
40
51
56
64
55
55
61
54
64
100
59
58
40
54
53
56
56
55
36
42
61
88
51
60
52
45
47
55
67
40
50
54
56
86
71
70
48
61
55
55
55
51
46
52
47
75
49
45
45
55
50
42
67
59
43
70
63
77
51
43
57
68
45
50
47
56
51
46
45
91
49
49
48
59
51
43
53
60
43
42
46
91
51
41
33
52
50
47
58
46
52
42
55
84
73
56
41
56
59
48
40
42
53
50
54
73
56
54
46
56
44
59
58
51
49
52
45
85
54
51
58
58
55
47
65
55
37
50
47
70
65
45
46
61
47
56
64
40
35
49
50
78
37
44
36
60
43
50
45
68
47
51
56
76
38
57
47
51
49
48
29
41
49
42
52
69
50
44
45
59
44
46
50
66
45
56
54
71
51
43
52
42
42
35
57
39
49
44
38
94
49
46
40
45
43
46
46
48
55
41
48
79
38
53
54
55
64
63
44
51
43
26
51
71
40
53
44
54
44
49
42
60
39
41
42
67
53
56
41
60
46
37
54
48
40
44
62
79
48
53
45
49
55
43
48
46
35
36
47
66
52
43
42
44
47
46
45
41
34
38
51
70
49
42
36
45
49
40
35
55
48
26
38
76
43
41
34
42
34
42
42
45
38
41
47
66
37
47
40
43
48
43
47
40
41
45
40
73
34
40
39
45
48
41
46
45
38
43
56
84
47
35
48
49
37
50
53
56
42
45
33
82
41
40
52
54
50
53
41
48
42
40
45
68
49
33
43
51
40
45
39
50
40
33
40
62
41
42
42
44
40
41
41
52
33
37
43
74
37
37
36
46
38
29
43
34
46
43
34
61
38
38
43
36
54
40
49
56
49
42
28
64
33
47
49
49
39
34
41
29
38
35
52
59
45
34
35
50
40
52
44
38
39
35
40
62
50
29
33
47
29
37
45
40
39
37
29
66
27
30
31
35
38
49
30
39
34
30
36
70
41
39
35
51
39
33
28
43
44
27
41
68
44
34
43
34
35
36
37
42
31
33
41
55
39
52
35
49
49
40
38
44
40
36
45
65
29
36
35
48
41
34
35
35
35
31
38
68
30
39
35
39
31
33
41
32
33
32
35
58
38
30
41
29
51
38
38
46
39
25
39
50
34
37
25
30
32
30
31
41
33
44
42
57
38
44
37
44
24
43
37
32
35
38
31
55
40
32
44
40
40
32
23
34
33
30
37
62
29
38
32
37
30
29
33
43
30
28
31
51
28
28
29
27
38
33
35
37
35
35
34
50
25
25
31
36
33
39
28
35
30
29
39
57
28
25
31
40
38
35
36
36
34
24
36
48
26
32
36
35
40
35
25
35
29
33
37
49
30
35
39
36
31
35
26
43
31
37
39
57
33
30
30
38
32
20
33
38
31
38
32
67
14
46
27
35
23
39
23
43
31
17
32
53
21
36
21
41
24
33
30
22
30
21
38
55
34
34
20
37
27
28
32
23
33
39
28
47
27
25
31
32
27
33
30
34
29
26
33
54
43
27
18
29
30
25
44
27
33
39
36
45
33
34
32
29
22
28
37
25
27
20
28
52
27
18
28
30
24
25
30
27
27
30
23
56
29
27
26
26
34
34
37
31
29
25
30
45
27
31
28
35
30
29
31
21
26
29
30
44
27
32
18
34
28
36
30
26
27
27
24
52
26
25
19
20
20
29
26
29
27
31
29
57
24
27
27
23
20
23
20
30
21
20
31
53
22
21
28
26
20
29
31
28
23
25
27
55
28
31
21
23
24
23
30
20
24
23
34
36
20
27
18
24
23
20
17
29
26
13
33
41
21
20
23
27
30
26
29
27
21
19
31
47
16
16
24
25
21
33
17
23
25
20
24
36
27
28
24
25
23
23
23
17
22
26
18
35
19
25
17
32
28
24
21
21
23
16
24
39
19
15
18
30
23
31
34
24
21
23
35
31
15
26
21
32
19
23
27
24
23
22
35
38
19
17
19
25
20
16
21
14
18
13
25
32
30
10
28
28
21
21
23
25
18
19
28
41
18
25
29
18
22
19
19
21
21
20
19
36
21
23
31
20
14
12
25
23
9
24
24
32
21
20
16
19
25
15
17
15
15
21
19
31
28
17
18
23
16
11
20
22
22
18
24
34
16
31
21
28
16
18
17
24
20
15
20
31
17
18
26
21
11
18
22
15
17
16
11
38
17
9
15
17
22
26
22
14
15
14
16
26
15
24
20
19
15
19
13
14
17
12
15
22
18
17
17
19
18
13
17
14
24
21
15
34
9
17
17
19
19
16
10
12
16
21
23
20
17
23
18
16
15
19
15
16
16
20
17
24
15
11
11
14
12
19
14
13
10
13
21
25
16
18
14
15
17
19
17
15
15
13
14
24
15
17
14
11
19
19
12
17
18
8
13
18
12
18
8
17
6
14
17
14
8
9
7
21
15
11
11
14
21
13
11
15
13
12
9
23
20
18
12
17
8
13
13
17
16
7
11
27
14
15
8
22
10
15
19
14
9
16
7
22
11
11
9
17
17
17
15
13
11
12
9
10
5
7
7
8
9
10
9
12
17
11
15
18
14
17
11
14
8
15
8
12
3
11
10
15
8
14
8
12
6
15
8
12
5
11
15
21
11
10
12
19
11
11
9
12
8
9
6
15
9
9
7
9
10
6
9
7
8
9
8
16
9
9
13
10
10
13
8
7
9
7
10
14
5
12
8
8
7
12
13
7
9
6
13
16
7
13
7
14
4
9
10
10
4
9
13
15
12
11
7
5
9
7
9
11
2
7
8
11
9
5
5
9
6
9
12
9
13
7
7
16
9
6
9
8
9
12
6
10
3
11
8
14
4
5
5
11
8
6
4
11
6
7
8
7
2
12
3
6
3
10
5
7
4
9
6
8
7
6
4
5
6
5
3
5
4
3
3
11
4
4
5
4
5
6
6
8
4
6
10
9
5
9
8
3
3
7
3
4
1
3
4
6
5
5
0
6
5
6
4
5
4
4
1
13
6
7
4
5
3
2
1
6
0
4
3
6
2
2
7
6
6
4
4
2
4
2
3
6
4
5
3
1
5
4
4
4
4
1
5
9
3
2
2
1
5
3
1
7
2
5
4
4
1
3
0
1
2
2
1
5
2
3
2
5
1
4
1
2
3
1
5
2
2
2
0
6
0
2
3
4
0
2
2
1
0
0
0
1
0
2
1
2
1
0
1
0
0
0
0
1
0
2
0
0
1
1
1
1
0
1
0
0
0
0
0
0
0
